$ANSIBLE_VAULT;1.1;AES256
37623133636333393766353934616535373634626464386537303164363066366639306632373564
3666636331633437333163646162373362663264653565610a346139656131353336343434373238
64386665303063383432613066636437366237663134313731373134356137383433376230643931
3431653062613866350a373563303533393832376634396131633666356231613765643963316130
65316533393637323235346565663563643537303331316639303664636261333562336161623632
64313636396239623033636634313232353236656638373130323663626631333435336439656536
35316562616339396364613563313931373834633135356161646237346233643438366636393766
66393936626530616636333938663936316463613061336130383462326432656430636332396561
65323134626165346234323134633161343932653633363138366364356636626464353739383336
30376466313164623737353239643766333861653762386438323232653035396237653463373139
65613964363836643761393766656637393939643562393433646161643961376130383666323831
38666665373462646636343832616564633237306363356265376533643631393066623036313831
33313565316562326336653433633766313137663761616534313536316461393339393432653834
31616138666139373933343433303533663562363130386336656439366437363334363939313162
39623035643262663336653835613935663965396462663438313332656139663432663331396234
35393438646333333837
